   0.00000000       0.00000000    
   0.00000000       1.50000000    
   1.00000000       1.50000000    
   1.00000000       0.00000000    
   0.00000000       1.50000000    
   0.00000000       3.00000000    
   1.00000000       3.00000000    
   1.00000000       1.50000000    
   0.00000000       3.00000000    
   0.00000000       4.50000000    
   1.00000000       4.50000000    
   1.00000000       3.00000000    
   0.00000000       4.50000000    
   0.00000000       6.00000000    
   1.00000000       6.00000000    
   1.00000000       4.50000000    
   0.00000000       6.00000000    
   0.00000000       7.50000000    
   1.00000000       7.50000000    
   1.00000000       6.00000000    
   0.00000000       7.50000000    
   0.00000000       9.00000000    
   1.00000000       9.00000000    
   1.00000000       7.50000000    
   0.00000000       9.00000000    
   0.00000000       10.5000000    
   1.00000000       10.5000000    
   1.00000000       9.00000000    
   0.00000000       10.5000000    
   0.00000000       12.0000000    
   1.00000000       12.0000000    
   1.00000000       10.5000000    
   0.00000000       12.0000000    
   0.00000000       13.5000000    
   1.00000000       13.5000000    
   1.00000000       12.0000000    
   0.00000000       13.5000000    
   0.00000000       15.0000000    
   1.00000000       15.0000000    
   1.00000000       13.5000000    
   1.00000000       0.00000000    
   1.00000000       1.50000000    
   2.00000000       1.50000000    
   2.00000000       0.00000000    
   1.00000000       1.50000000    
   1.00000000       3.00000000    
   2.00000000       3.00000000    
   2.00000000       1.50000000    
   1.00000000       3.00000000    
   1.00000000       4.50000000    
   2.00000000       4.50000000    
   2.00000000       3.00000000    
   1.00000000       4.50000000    
   1.00000000       6.00000000    
   2.00000000       6.00000000    
   2.00000000       4.50000000    
   1.00000000       6.00000000    
   1.00000000       7.50000000    
   2.00000000       7.50000000    
   2.00000000       6.00000000    
   1.00000000       7.50000000    
   1.00000000       9.00000000    
   2.00000000       9.00000000    
   2.00000000       7.50000000    
   1.00000000       9.00000000    
   1.00000000       10.5000000    
   2.00000000       10.5000000    
   2.00000000       9.00000000    
   1.00000000       10.5000000    
   1.00000000       12.0000000    
   2.00000000       12.0000000    
   2.00000000       10.5000000    
   1.00000000       12.0000000    
   1.00000000       13.5000000    
   2.00000000       13.5000000    
   2.00000000       12.0000000    
   1.00000000       13.5000000    
   1.00000000       15.0000000    
   2.00000000       15.0000000    
   2.00000000       13.5000000    
   2.00000000       0.00000000    
   2.00000000       1.50000000    
   3.00000000       1.50000000    
   3.00000000       0.00000000    
   2.00000000       1.50000000    
   2.00000000       3.00000000    
   3.00000000       3.00000000    
   3.00000000       1.50000000    
   2.00000000       3.00000000    
   2.00000000       4.50000000    
   3.00000000       4.50000000    
   3.00000000       3.00000000    
   2.00000000       4.50000000    
   2.00000000       6.00000000    
   3.00000000       6.00000000    
   3.00000000       4.50000000    
   2.00000000       6.00000000    
   2.00000000       7.50000000    
   3.00000000       7.50000000    
   3.00000000       6.00000000    
   2.00000000       7.50000000    
   2.00000000       9.00000000    
   3.00000000       9.00000000    
   3.00000000       7.50000000    
   2.00000000       9.00000000    
   2.00000000       10.5000000    
   3.00000000       10.5000000    
   3.00000000       9.00000000    
   2.00000000       10.5000000    
   2.00000000       12.0000000    
   3.00000000       12.0000000    
   3.00000000       10.5000000    
   2.00000000       12.0000000    
   2.00000000       13.5000000    
   3.00000000       13.5000000    
   3.00000000       12.0000000    
   2.00000000       13.5000000    
   2.00000000       15.0000000    
   3.00000000       15.0000000    
   3.00000000       13.5000000    
   3.00000000       0.00000000    
   3.00000000       1.50000000    
   4.00000000       1.50000000    
   4.00000000       0.00000000    
   3.00000000       1.50000000    
   3.00000000       3.00000000    
   4.00000000       3.00000000    
   4.00000000       1.50000000    
   3.00000000       3.00000000    
   3.00000000       4.50000000    
   4.00000000       4.50000000    
   4.00000000       3.00000000    
   3.00000000       4.50000000    
   3.00000000       6.00000000    
   4.00000000       6.00000000    
   4.00000000       4.50000000    
   3.00000000       6.00000000    
   3.00000000       7.50000000    
   4.00000000       7.50000000    
   4.00000000       6.00000000    
   3.00000000       7.50000000    
   3.00000000       9.00000000    
   4.00000000       9.00000000    
   4.00000000       7.50000000    
   3.00000000       9.00000000    
   3.00000000       10.5000000    
   4.00000000       10.5000000    
   4.00000000       9.00000000    
   3.00000000       10.5000000    
   3.00000000       12.0000000    
   4.00000000       12.0000000    
   4.00000000       10.5000000    
   3.00000000       12.0000000    
   3.00000000       13.5000000    
   4.00000000       13.5000000    
   4.00000000       12.0000000    
   3.00000000       13.5000000    
   3.00000000       15.0000000    
   4.00000000       15.0000000    
   4.00000000       13.5000000    
   4.00000000       0.00000000    
   4.00000000       1.50000000    
   5.00000000       1.50000000    
   5.00000000       0.00000000    
   4.00000000       1.50000000    
   4.00000000       3.00000000    
   5.00000000       3.00000000    
   5.00000000       1.50000000    
   4.00000000       3.00000000    
   4.00000000       4.50000000    
   5.00000000       4.50000000    
   5.00000000       3.00000000    
   4.00000000       4.50000000    
   4.00000000       6.00000000    
   5.00000000       6.00000000    
   5.00000000       4.50000000    
   4.00000000       6.00000000    
   4.00000000       7.50000000    
   5.00000000       7.50000000    
   5.00000000       6.00000000    
   4.00000000       7.50000000    
   4.00000000       9.00000000    
   5.00000000       9.00000000    
   5.00000000       7.50000000    
   4.00000000       9.00000000    
   4.00000000       10.5000000    
   5.00000000       10.5000000    
   5.00000000       9.00000000    
   4.00000000       10.5000000    
   4.00000000       12.0000000    
   5.00000000       12.0000000    
   5.00000000       10.5000000    
   4.00000000       12.0000000    
   4.00000000       13.5000000    
   5.00000000       13.5000000    
   5.00000000       12.0000000    
   4.00000000       13.5000000    
   4.00000000       15.0000000    
   5.00000000       15.0000000    
   5.00000000       13.5000000    
   5.00000000       0.00000000    
   5.00000000       1.50000000    
   6.00000000       1.50000000    
   6.00000000       0.00000000    
   5.00000000       1.50000000    
   5.00000000       3.00000000    
   6.00000000       3.00000000    
   6.00000000       1.50000000    
   5.00000000       3.00000000    
   5.00000000       4.50000000    
   6.00000000       4.50000000    
   6.00000000       3.00000000    
   5.00000000       4.50000000    
   5.00000000       6.00000000    
   6.00000000       6.00000000    
   6.00000000       4.50000000    
   5.00000000       6.00000000    
   5.00000000       7.50000000    
   6.00000000       7.50000000    
   6.00000000       6.00000000    
   5.00000000       7.50000000    
   5.00000000       9.00000000    
   6.00000000       9.00000000    
   6.00000000       7.50000000    
   5.00000000       9.00000000    
   5.00000000       10.5000000    
   6.00000000       10.5000000    
   6.00000000       9.00000000    
   5.00000000       10.5000000    
   5.00000000       12.0000000    
   6.00000000       12.0000000    
   6.00000000       10.5000000    
   5.00000000       12.0000000    
   5.00000000       13.5000000    
   6.00000000       13.5000000    
   6.00000000       12.0000000    
   5.00000000       13.5000000    
   5.00000000       15.0000000    
   6.00000000       15.0000000    
   6.00000000       13.5000000    
   6.00000000       0.00000000    
   6.00000000       1.50000000    
   7.00000000       1.50000000    
   7.00000000       0.00000000    
   6.00000000       1.50000000    
   6.00000000       3.00000000    
   7.00000000       3.00000000    
   7.00000000       1.50000000    
   6.00000000       3.00000000    
   6.00000000       4.50000000    
   7.00000000       4.50000000    
   7.00000000       3.00000000    
   6.00000000       4.50000000    
   6.00000000       6.00000000    
   7.00000000       6.00000000    
   7.00000000       4.50000000    
   6.00000000       6.00000000    
   6.00000000       7.50000000    
   7.00000000       7.50000000    
   7.00000000       6.00000000    
   6.00000000       7.50000000    
   6.00000000       9.00000000    
   7.00000000       9.00000000    
   7.00000000       7.50000000    
   6.00000000       9.00000000    
   6.00000000       10.5000000    
   7.00000000       10.5000000    
   7.00000000       9.00000000    
   6.00000000       10.5000000    
   6.00000000       12.0000000    
   7.00000000       12.0000000    
   7.00000000       10.5000000    
   6.00000000       12.0000000    
   6.00000000       13.5000000    
   7.00000000       13.5000000    
   7.00000000       12.0000000    
   6.00000000       13.5000000    
   6.00000000       15.0000000    
   7.00000000       15.0000000    
   7.00000000       13.5000000    
   7.00000000       0.00000000    
   7.00000000       1.50000000    
   8.00000000       1.50000000    
   8.00000000       0.00000000    
   7.00000000       1.50000000    
   7.00000000       3.00000000    
   8.00000000       3.00000000    
   8.00000000       1.50000000    
   7.00000000       3.00000000    
   7.00000000       4.50000000    
   8.00000000       4.50000000    
   8.00000000       3.00000000    
   7.00000000       4.50000000    
   7.00000000       6.00000000    
   8.00000000       6.00000000    
   8.00000000       4.50000000    
   7.00000000       6.00000000    
   7.00000000       7.50000000    
   8.00000000       7.50000000    
   8.00000000       6.00000000    
   7.00000000       7.50000000    
   7.00000000       9.00000000    
   8.00000000       9.00000000    
   8.00000000       7.50000000    
   7.00000000       9.00000000    
   7.00000000       10.5000000    
   8.00000000       10.5000000    
   8.00000000       9.00000000    
   7.00000000       10.5000000    
   7.00000000       12.0000000    
   8.00000000       12.0000000    
   8.00000000       10.5000000    
   7.00000000       12.0000000    
   7.00000000       13.5000000    
   8.00000000       13.5000000    
   8.00000000       12.0000000    
   7.00000000       13.5000000    
   7.00000000       15.0000000    
   8.00000000       15.0000000    
   8.00000000       13.5000000    
   8.00000000       0.00000000    
   8.00000000       1.50000000    
   9.00000000       1.50000000    
   9.00000000       0.00000000    
   8.00000000       1.50000000    
   8.00000000       3.00000000    
   9.00000000       3.00000000    
   9.00000000       1.50000000    
   8.00000000       3.00000000    
   8.00000000       4.50000000    
   9.00000000       4.50000000    
   9.00000000       3.00000000    
   8.00000000       4.50000000    
   8.00000000       6.00000000    
   9.00000000       6.00000000    
   9.00000000       4.50000000    
   8.00000000       6.00000000    
   8.00000000       7.50000000    
   9.00000000       7.50000000    
   9.00000000       6.00000000    
   8.00000000       7.50000000    
   8.00000000       9.00000000    
   9.00000000       9.00000000    
   9.00000000       7.50000000    
   8.00000000       9.00000000    
   8.00000000       10.5000000    
   9.00000000       10.5000000    
   9.00000000       9.00000000    
   8.00000000       10.5000000    
   8.00000000       12.0000000    
   9.00000000       12.0000000    
   9.00000000       10.5000000    
   8.00000000       12.0000000    
   8.00000000       13.5000000    
   9.00000000       13.5000000    
   9.00000000       12.0000000    
   8.00000000       13.5000000    
   8.00000000       15.0000000    
   9.00000000       15.0000000    
   9.00000000       13.5000000    
   9.00000000       0.00000000    
   9.00000000       1.50000000    
   10.0000000       1.50000000    
   10.0000000       0.00000000    
   9.00000000       1.50000000    
   9.00000000       3.00000000    
   10.0000000       3.00000000    
   10.0000000       1.50000000    
   9.00000000       3.00000000    
   9.00000000       4.50000000    
   10.0000000       4.50000000    
   10.0000000       3.00000000    
   9.00000000       4.50000000    
   9.00000000       6.00000000    
   10.0000000       6.00000000    
   10.0000000       4.50000000    
   9.00000000       6.00000000    
   9.00000000       7.50000000    
   10.0000000       7.50000000    
   10.0000000       6.00000000    
   9.00000000       7.50000000    
   9.00000000       9.00000000    
   10.0000000       9.00000000    
   10.0000000       7.50000000    
   9.00000000       9.00000000    
   9.00000000       10.5000000    
   10.0000000       10.5000000    
   10.0000000       9.00000000    
   9.00000000       10.5000000    
   9.00000000       12.0000000    
   10.0000000       12.0000000    
   10.0000000       10.5000000    
   9.00000000       12.0000000    
   9.00000000       13.5000000    
   10.0000000       13.5000000    
   10.0000000       12.0000000    
   9.00000000       13.5000000    
   9.00000000       15.0000000    
   10.0000000       15.0000000    
   10.0000000       13.5000000    
